[ver:v1.0]
[ti:131937]
[00:00.61]牛奶歌 - 7 Princess
[00:07.46](22252225 22252225) 3739 3223 3223~
[00:14.80]3303 234323 8935 99 (22252225)
[00:19.15]3739 6335 1676 691739(3739 33)
[00:22.10]3705 753635 717635 (22252225)
[00:25.87]39 0679 3143891739(25~)
[00:28.25]3705 0323(3739) 98 0589 71(3739)
[00:32.56]6018 7823 9139(2333 3223)
[00:35.88]6909 1735(3739) 27396975(3739)
[00:39.45]25991981 6583 6739(0131 873969)
[00:43.13]3303 234323 8935 99
[00:45.36]3739 6335 1676 691739(3739 33)
[00:48.83]3705 753635 717635
[00:52.16]3739 0679 3143891739(25~)
[00:56.24] 4795 6447 4761 27~
[00:59.11]85 018181 9585 4149 65 373975 3223~
[01:03.40]67172319(3739) 60712319(3739)
[01:06.88]6018 7823 9139(2333 3223)
[01:10.19]6909 1735(3739) 27396975(3739)
[01:13.66]25991981 6583 6739(0131 873969)
[01:17.05]3303 234323 8935 99 (22252225)
[01:20.69]3739 6335 1676 691739(3739 33)
[01:23.10]3705 753635 717635 (22252225)
[01:27.55]3739 0679 3143891739
[01:30.00]3303 234323 8935 99 (22252225)
[01:34.35]3739 6335 1676 691739(3739 33)
[01:37.59]3705 753635 717635 (22252225)
[01:41.65]3739 0679 3143891739
[01:46.48]3739 3223 3223~